1G.iso : [5.409459114074707, 4.943802833557129, 4.535027027130127, 4.518471956253052, 4.667391061782837]
2G.iso : [10.530333042144775, 9.257685899734497, 9.262809038162231, 8.979444980621338, 9.324272871017456]
3G.iso : [15.609904050827026, 14.468908071517944, 13.441766023635864, 13.284101009368896, 13.5050950050354]
4G.iso : [20.45251989364624, 19.310299158096313, 21.360832929611206, 19.78543496131897, 19.056622982025146]
5G.iso : [26.156512022018433, 25.857701063156128, 26.638638973236084, 25.667670011520386, 25.813199996948242]
6G.iso : [31.013837099075317, 30.133179903030396, 30.591662883758545, 31.416884899139404, 30.66500210762024]
7G.iso : [36.01283407211304, 37.320343017578125, 36.627115964889526, 36.411301136016846, 36.946946144104004]
8G.iso : [42.172120094299316, 41.67080211639404, 42.190731048583984, 41.09378099441528, 40.11974501609802]
9G.iso : [44.641063928604126, 45.06844878196716, 45.63473415374756, 48.121959924697876, 48.38378715515137]
10G.iso : [51.2585391998291, 51.88070607185364, 51.22684693336487, 49.76793599128723, 50.26817202568054]
11G.iso : [53.9785840511322, 51.64684200286865, 58.23555302619934, 55.48438596725464, 55.7742600440979]
12G.iso : [60.59202599525452, 61.12602114677429, 61.37963914871216, 59.06797695159912, 64.72464799880981]
13G.iso : [64.55320906639099, 65.78990602493286, 65.4064040184021, 66.93812584877014, 67.53552317619324]
14G.iso : [69.6334159374237, 71.6030900478363, 72.86706304550171, 71.19883894920349, 70.62670087814331]
15G.iso : [73.66811203956604, 76.22987508773804, 79.07276606559753, 74.71640014648438, 76.48722696304321]
16G.iso : [81.56318593025208, 79.97987413406372, 85.17038202285767, 81.77275204658508, 80.89777183532715]
17G.iso : [86.1049370765686, 88.23678803443909, 86.54994821548462, 89.40356397628784, 86.00244617462158]
18G.iso : [93.16514086723328, 93.31771898269653, 93.13813900947571, 94.15661215782166, 90.91912698745728]
19G.iso : [94.7980649471283, 97.29841685295105, 97.69808912277222, 96.12542605400085, 99.77072596549988]
20G.iso : [101.87968897819519, 104.40099811553955, 103.50603199005127, 99.65674901008606, 104.2422080039978]
21G.iso : [108.02301287651062, 107.94154596328735, 105.93505382537842, 106.75261688232422, 105.59467887878418]
22G.iso : [114.00300312042236, 112.77503681182861, 115.45153903961182, 111.33273196220398, 109.67651200294495]
23G.iso : [116.34923815727234, 117.10424780845642, 117.96441102027893, 114.34065103530884, 119.00415420532227]
24G.iso : [121.09622287750244, 125.83691000938416, 125.95796608924866, 122.54843497276306, 125.93388891220093]
25G.iso : [130.09178614616394, 125.70688509941101, 131.0075089931488, 129.59552812576294, 129.32825112342834]
26G.iso : [131.218523979187, 135.2595658302307, 134.49591779708862, 130.87530493736267, 136.12039709091187]
27G.iso : [135.49642395973206, 137.38077998161316, 137.33602595329285, 140.10408115386963, 141.92418599128723]
28G.iso : [143.76832795143127, 142.46094608306885, 145.27426886558533, 143.01180386543274, 145.23593091964722]
29G.iso : [146.46086716651917, 146.9870388507843, 148.9936330318451, 149.23373007774353, 152.05559611320496]
30G.iso : [148.44068002700806, 152.35440683364868, 150.47644305229187, 153.49596405029297, 153.55431699752808]
